[{"id": 0, "img_name": "00001.jpg", "width": 979, "height": 543, "position": [-3.0536455326169234, -0.10264889179052455, -3.7256125818123107], "rotation": [[0.8709266714223798, 0.07428124773308542, 0.48576643486386584], [-0.05237956048356895, 0.996910407059909, -0.058532229918179614], [-0.4886134613870994, 0.025533047817730074, 0.872126681635446]], "fy": 582.5190218618583, "fx": 580.1819168688422}, {"id": 1, "img_name": "00002.jpg", "width": 979, "height": 543, "position": [-3.048758553597519, -0.10030804342390252, -3.7278513084965406], "rotation": [[0.8921101341181924, 0.07023942453591085, 0.44632491734664015], [-0.04988806583811413, 0.9971153338457326, -0.05720307593692067], [-0.44905533009925735, 0.02876515688427941, 0.8930408032441013]], "fy": 582.5190218618583, "fx": 580.1819168688422}, {"id": 2, "img_name": "00003.jpg", "width": 979, "height": 543, "position": [-2.998625772908591, -0.09880460493129341, -3.7173173339462786], "rotation": [[0.9126903490568639, 0.06608607933452787, 0.40327280698883095], [-0.04733026869821982, 0.9972907242315484, -0.056312139247837824], [-0.4059016782466102, 0.032308535712781104, 0.9133454911021793]], "fy": 582.5190218618583, "fx": 580.1819168688422}, {"id": 3, "img_name": "00004.jpg", "width": 979, "height": 543, "position": [-2.8454363142366574, -0.09903443794177869, -3.654972588086567], "rotation": [[0.9739154145334439, 0.04970319854367108, 0.22140089744325403], [-0.039797074472085546, 0.9980063877936393, -0.04898410748962463], [-0.22339417673165332, 0.038895269347572786, 0.9739518467690107]], "fy": 582.5190218618583, "fx": 580.1819168688422}, {"id": 4, "img_name": "00005.jpg", "width": 979, "height": 543, "position": [-2.7196600973455753, -0.10423244632207351, -3.5707157861631837], "rotation": [[0.995802709256779, 0.0344186803485947, 0.08480753905119348], [-0.027596976779582987, 0.9963856992323143, -0.08033645024495024], [-0.08726609369901693, 0.07765882312006452, 0.9931534302826129]], "fy": 582.5190218618583, "fx": 580.1819168688422}, {"id": 5, "img_name": "00006.jpg", "width": 979, "height": 543, "position": [-2.7104055555393933, -0.10102289171213316, -3.5406606057660563], "rotation": [[0.9997665112844941, 0.012140790136992067, -0.01787523786921089], [-0.013596703055775844, 0.9963966927034111, -0.0837183399006263], [0.016794421098817628, 0.08394183691433761, 0.9963291200378529]], "fy": 582.5190218618583, "fx": 580.1819168688422}, {"id": 6, "img_name": "00007.jpg", "width": 979, "height": 543, "position": [-2.7126974517460383, -0.09944652787730139, -3.5380897603818116], "rotation": [[0.9979566534731261, -0.0037069182065987485, -0.06378696219548906], [-0.0020567090705489494, 0.9959346418301875, -0.09005531161667095], [0.06386147302183284, 0.0900024886321827, 0.9938919781865108]], "fy": 582.5190218618583, "fx": 580.1819168688422}, {"id": 7, "img_name": "00008.jpg", "width": 979, "height": 543, "position": [-2.699356562997002, -0.08716642095038032, -3.543579322757994], "rotation": [[0.9999477660740725, -0.004051063099515362, -0.009383709886579605], [0.0031090338752924164, 0.9951506247112591, -0.09831362085262052], [0.00973647943735471, 0.09827931127431795, 0.9951112389796488]], "fy": 582.5190218618583, "fx": 580.1819168688422}, {"id": 8, "img_name": "00009.jpg", "width": 979, "height": 543, "position": [-2.5626086514187656, -0.09096099544174324, -3.601889576154325], "rotation": [[0.9988470162628794, -0.006382815794124026, -0.047580434689913347], [0.001987883527976116, 0.9957709322205536, -0.09184932696372225], [0.0479654711414579, 0.09164884182109362, 0.9946355128241852]], "fy": 582.5190218618583, "fx": 580.1819168688422}, {"id": 9, "img_name": "00010.jpg", "width": 979, "height": 543, "position": [-2.391224810414414, -0.0950939094517509, -3.6122118852226053], "rotation": [[0.9958337040189551, -0.017427257429480265, -0.08950712060151778], [0.009775596189781438, 0.996313864554756, -0.08522394625398193], [0.09066240488219113, 0.08399389260210467, 0.9923332879363284]], "fy": 582.5190218618583, "fx": 580.1819168688422}, {"id": 10, "img_name": "00011.jpg", "width": 979, "height": 543, "position": [-2.161392625646433, -0.10738741115778157, -3.574776827922579], "rotation": [[0.9564557117958026, -0.03898488143351333, -0.28926225193204774], [0.022516430304006223, 0.9979417027595793, -0.06004471883252125], [0.2910077004815325, 0.050916960955330104, 0.9553648420093364]], "fy": 582.5190218618583, "fx": 580.1819168688422}, {"id": 11, "img_name": "00012.jpg", "width": 979, "height": 543, "position": [-1.983056709884401, -0.15112686375771472, -3.441863325497142], "rotation": [[0.9741128847029137, -0.017457177382707866, -0.22538707774314995], [0.03414157651158723, 0.9969385419428097, 0.07034128476398663], [0.2234691043725541, -0.07621542197464694, 0.9717266945207149]], "fy": 582.5190218618583, "fx": 580.1819168688422}, {"id": 12, "img_name": "00013.jpg", "width": 979, "height": 543, "position": [-1.788946279693405, -0.17243985899678074, -3.3398530309348207], "rotation": [[0.9882234255861284, -0.00441630876012274, -0.1529541020690613], [0.02188326564241352, 0.9933876704397245, 0.11270341123125158], [0.15144498607626838, -0.11472328636886368, 0.9817856098747254]], "fy": 582.5190218618583, "fx": 580.1819168688422}, {"id": 13, "img_name": "00014.jpg", "width": 979, "height": 543, "position": [-1.5706248402795375, -0.18482378879389058, -3.2412810706081987], "rotation": [[0.9974084565976196, 0.0028643671657344995, -0.07188995832725177], [0.002439663957467446, 0.997286054915806, 0.07358378021169175], [0.07190562389221561, -0.07356847199179678, 0.9946945567265679]], "fy": 582.5190218618583, "fx": 580.1819168688422}, {"id": 14, "img_name": "00015.jpg", "width": 979, "height": 543, "position": [-1.294269644754152, -0.206937373193677, -3.1854966615326243], "rotation": [[0.9999267350941117, 0.012089217483007317, -0.000612588506910383], [-0.012104441408020892, 0.9982734530579722, -0.05747691204224789], [-8.332004583336149e-05, 0.05748011604338549, 0.9983466478720749]], "fy": 582.5190218618583, "fx": 580.1819168688422}, {"id": 15, "img_name": "00016.jpg", "width": 979, "height": 543, "position": [-1.0431030986633771, -0.31306580997596345, -3.0754061460447986], "rotation": [[0.9990139428087899, 0.020908015741240692, 0.03916627313646406], [-0.01763545759663263, 0.9964669432741917, -0.08211346781829544], [-0.04074472614944721, 0.08134178409374176, 0.9958530923040074]], "fy": 582.5190218618583, "fx": 580.1819168688422}, {"id": 16, "img_name": "00017.jpg", "width": 979, "height": 543, "position": [-0.8086269812914143, -0.33771449667730596, -2.9308212225520225], "rotation": [[0.9998108109270986, 0.01919938415819475, 0.003118653755004], [-0.01888470684530323, 0.9965505120839788, -0.08081116700386387], [-0.004659420636141074, 0.08073698355218309, 0.9967245503579363]], "fy": 582.5190218618583, "fx": 580.1819168688422}, {"id": 17, "img_name": "00018.jpg", "width": 979, "height": 543, "position": [-0.5877627592987208, -0.26337703585880085, -2.8974980800165206], "rotation": [[0.9998774213324502, 0.01388192771763572, 0.007241159604101288], [-0.013228940824809764, 0.996417233202699, -0.08353258347095244], [-0.008374809503708891, 0.08342655128626793, 0.9964787369062402]], "fy": 582.5190218618583, "fx": 580.1819168688422}, {"id": 18, "img_name": "00019.jpg", "width": 979, "height": 543, "position": [-0.37255393689807925, -0.19598820161155328, -2.8153545144307297], "rotation": [[0.9975875195813078, 0.018010366188874714, 0.06704302711957984], [-0.01123291687788953, 0.994911136428283, -0.10012817879796401], [-0.06850519946710983, 0.09913353277637826, 0.9927132417396507]], "fy": 582.5190218618583, "fx": 580.1819168688422}, {"id": 19, "img_name": "00020.jpg", "width": 979, "height": 543, "position": [-0.15655143108830027, -0.12957129453814098, -2.706290169758537], "rotation": [[0.9934066985892389, 0.02361317834825828, 0.11218533329416226], [-0.011674135177267458, 0.994307151802102, -0.10591035097220025], [-0.1140475592281212, 0.10390238535993818, 0.9880270484913978]], "fy": 582.5190218618583, "fx": 580.1819168688422}, {"id": 20, "img_name": "00021.jpg", "width": 979, "height": 543, "position": [0.12125530844493372, -0.09062128428867722, -2.7151648542013405], "rotation": [[0.9837479536027389, 0.021401613507550404, 0.1782748852802801], [-0.010732147698943208, 0.9981044816068996, -0.06059921453278365], [-0.17923388292449524, 0.057701080886719144, 0.9821129265396686]], "fy": 582.5190218618583, "fx": 580.1819168688422}, {"id": 21, "img_name": "00022.jpg", "width": 979, "height": 543, "position": [0.3441487300316099, -0.05669398086683829, -2.626559569806824], "rotation": [[0.966998210381302, -0.018939791767689788, 0.25407822694429405], [-0.017864356818182145, 0.9897386555391898, 0.14176832681156093], [-0.25415610532669153, -0.1416286624213949, 0.9567371614533924]], "fy": 582.5190218618583, "fx": 580.1819168688422}, {"id": 22, "img_name": "00023.jpg", "width": 979, "height": 543, "position": [0.6327789566561397, -0.07427223587998144, -2.4488004535210384], "rotation": [[0.9455065317616028, -0.022620790130039366, 0.32481640699022274], [-0.03667320538886176, 0.983837480812774, 0.17526804430494686], [-0.32353125722664205, -0.17762913950663378, 0.929395187417861]], "fy": 582.5190218618583, "fx": 580.1819168688422}, {"id": 23, "img_name": "00024.jpg", "width": 979, "height": 543, "position": [0.9304407260559374, -0.1292035914397855, -2.4106783957245708], "rotation": [[0.9178989035994601, -0.01593237423777712, 0.39649434071882567], [-0.055608814446829705, 0.9841688657935872, 0.1682834019099401], [-0.3928985397360582, -0.1765157303293726, 0.9024815424259718]], "fy": 582.5190218618583, "fx": 580.1819168688422}, {"id": 24, "img_name": "00025.jpg", "width": 979, "height": 543, "position": [1.1939596502725955, -0.22883790852436445, -2.3322281805882246], "rotation": [[0.9163750816043925, 0.004120681466864729, 0.40029955008567253], [-0.06775844548181816, 0.9871157296427224, 0.14495285218926676], [-0.3945446779268865, -0.15995485699460515, 0.9048474682748495]], "fy": 582.5190218618583, "fx": 580.1819168688422}, {"id": 25, "img_name": "00026.jpg", "width": 979, "height": 543, "position": [1.4115809075774959, -0.2600587877923047, -2.2229463837496], "rotation": [[0.950882757055875, 0.06606357961482806, 0.30241955257934794], [-0.07727134009636036, 0.9966907360209246, 0.025233246516847406], [-0.2997517678572227, -0.04736222311655834, 0.9528408563280266]], "fy": 582.5190218618583, "fx": 580.1819168688422}, {"id": 26, "img_name": "00027.jpg", "width": 979, "height": 543, "position": [1.5224409228138525, -0.22178276033576086, -2.2217472861943786], "rotation": [[0.9974726724307309, 0.07012823058589895, -0.011414859998539896], [-0.07013293567512105, 0.9975376540218004, -1.1927778180307578e-05], [0.011385916189952177, 0.0008124552747957834, 0.9999348482920984]], "fy": 582.5190218618583, "fx": 580.1819168688422}, {"id": 27, "img_name": "00028.jpg", "width": 979, "height": 543, "position": [1.5269365886717419, -0.21286167543056533, -2.2292295212467357], "rotation": [[0.950862604709319, 0.036642981718850984, -0.3074371461879021], [-0.03443212435610151, 0.9993274274213766, 0.01261434166728754], [0.30769259948483557, -0.001408791725223525, 0.951484776298675]], "fy": 582.5190218618583, "fx": 580.1819168688422}, {"id": 28, "img_name": "00029.jpg", "width": 979, "height": 543, "position": [1.4851473682904548, -0.21099290171815294, -2.258669525620915], "rotation": [[0.815792941801934, -0.0040659044285933634, -0.5783297887255365], [0.012475956129301833, 0.9998663131900845, 0.010569118521776449], [0.5782095006351987, -0.01583742936354151, 0.8157346070912702]], "fy": 582.5190218618583, "fx": 580.1819168688422}, {"id": 29, "img_name": "00030.jpg", "width": 979, "height": 543, "position": [1.4493911091011222, -0.20592949343637879, -2.26091554601903], "rotation": [[0.6264434797400057, -0.03808508611228151, -0.7785358648816721], [0.05625401951694983, 0.9984100824209783, -0.0035766755963593413], [0.7774342750222809, -0.041555186631214505, 0.6275899254167686]], "fy": 582.5190218618583, "fx": 580.1819168688422}, {"id": 30, "img_name": "00031.jpg", "width": 979, "height": 543, "position": [1.486438828700173, -0.1642166492000247, -2.2413057764783906], "rotation": [[0.5251482008554383, -0.06427841837572029, -0.848579785329236], [0.08765950074219334, 0.9959250740826141, -0.02119100618585544], [0.8464840099304449, -0.06325766154905997, 0.5286428749046173]], "fy": 582.5190218618583, "fx": 580.1819168688422}, {"id": 31, "img_name": "00032.jpg", "width": 979, "height": 543, "position": [1.5419957095407806, -0.13427045635425025, -2.124594153717298], "rotation": [[0.45006411347094744, -0.0738471402025207, -0.8899375785129647], [0.10205608038889064, 0.9942987854781434, -0.030894686474298782], [0.8871453377103812, -0.07691895137479567, 0.45503475108845864]], "fy": 582.5190218618583, "fx": 580.1819168688422}, {"id": 32, "img_name": "00033.jpg", "width": 979, "height": 543, "position": [1.721616639458368, -0.1505516680173529, -2.076758147223587], "rotation": [[0.2573538315690414, -0.08001359285105751, -0.9629988734862559], [0.11372748574287109, 0.9921479778855274, -0.05204276092084801], [0.9596015133185954, -0.09612603672639733, 0.2644328283325215]], "fy": 582.5190218618583, "fx": 580.1819168688422}, {"id": 33, "img_name": "00034.jpg", "width": 979, "height": 543, "position": [1.9245484207160528, -0.14012539795558776, -1.8758585218433537], "rotation": [[0.2903318476444756, -0.08557111120043034, -0.9530923371695253], [0.12297392710769205, 0.9910716647069746, -0.05152056547300602], [0.9489914812552622, -0.10224744663251907, 0.29826268315374804]], "fy": 582.5190218618583, "fx": 580.1819168688422}, {"id": 34, "img_name": "00035.jpg", "width": 979, "height": 543, "position": [2.184984568699552, -0.17184231303623063, -1.8004931155187902], "rotation": [[0.2441514297333519, -0.0803942772162881, -0.9663989029122656], [0.12089763513959738, 0.9913061073982387, -0.051922666077586624], [0.9621714198503366, -0.1041583488051841, 0.2517482814188901]], "fy": 582.5190218618583, "fx": 580.1819168688422}, {"id": 35, "img_name": "00036.jpg", "width": 979, "height": 543, "position": [2.4591630894769794, -0.18020429927233386, -1.7132562422023416], "rotation": [[0.19362300901551813, -0.0771947311987158, -0.9780343060726112], [0.11972124390388264, 0.9913082774340869, -0.05454101987285044], [0.9737437825926715, -0.10653108732112726, 0.20118194078071405]], "fy": 582.5190218618583, "fx": 580.1819168688422}, {"id": 36, "img_name": "00037.jpg", "width": 979, "height": 543, "position": [2.6345094069882493, -0.1664072347309188, -1.6348082745287753], "rotation": [[0.264311969252273, -0.07515029114798868, -0.9615048708406826], [0.11789573002615211, 0.9920001697017494, -0.045124939371714586], [0.9572041473748356, -0.10143025708373611, 0.27105741678902845]], "fy": 582.5190218618583, "fx": 580.1819168688422}, {"id": 37, "img_name": "00038.jpg", "width": 979, "height": 543, "position": [2.8602622039930194, -0.1826340502236193, -1.4523643265777617], "rotation": [[0.3113687442544623, -0.06377287677897313, -0.9481468901434698], [0.1139393645949014, 0.9930533093144693, -0.029375943479161563], [0.9434337953969578, -0.09888450357318214, 0.31647200295756955]], "fy": 582.5190218618583, "fx": 580.1819168688422}, {"id": 38, "img_name": "00039.jpg", "width": 979, "height": 543, "position": [3.0960410448528775, -0.17317282204550594, -1.3278735790741885], "rotation": [[0.2614481525892782, -0.05626634886568833, -0.9635761316538398], [0.11036723469909478, 0.9934944887390499, -0.028067318183406638], [0.9588868217952149, -0.09900908458549808, 0.26595726001937464]], "fy": 582.5190218618583, "fx": 580.1819168688422}, {"id": 39, "img_name": "00040.jpg", "width": 979, "height": 543, "position": [3.3677903478926408, -0.18182775790274505, -1.3914379268461774], "rotation": [[0.2254189396305218, -0.05279104748696593, -0.9728306157605648], [0.1049314148059558, 0.9940380247940402, -0.02962774798028862], [0.968594703600361, -0.09540183734494824, 0.2296144368033866]], "fy": 582.5190218618583, "fx": 580.1819168688422}, {"id": 40, "img_name": "00041.jpg", "width": 979, "height": 543, "position": [3.646151178469139, -0.1840897472088695, -1.3851112227370868], "rotation": [[0.2447202251879503, -0.026154761228263837, -0.9692409090876485], [0.10277772792820793, 0.9947039475017365, -0.0008918892183741812], [0.9641310854992043, -0.09939811512073603, 0.24611230096151382]], "fy": 582.5190218618583, "fx": 580.1819168688422}, {"id": 41, "img_name": "00042.jpg", "width": 979, "height": 543, "position": [3.874025108068044, -0.21444889939050063, -1.285516437801512], "rotation": [[0.3122676731162419, 0.003502465033632981, -0.9499877015336861], [0.10076624483793341, 0.9942297498471939, 0.03678815597509207], [0.9446348840837022, -0.10721444519034841, 0.3101128802786111]], "fy": 582.5190218618583, "fx": 580.1819168688422}, {"id": 42, "img_name": "00043.jpg", "width": 979, "height": 543, "position": [4.089733012424211, -0.23080699667135618, -1.2200596712826366], "rotation": [[0.37073668607041216, 0.01079891394330996, -0.9286752355151792], [0.09384981897699224, 0.9943783957998688, 0.04902874100428551], [0.9239840480655033, -0.10533275570364856, 0.36763907504012816]], "fy": 582.5190218618583, "fx": 580.1819168688422}, {"id": 43, "img_name": "00044.jpg", "width": 979, "height": 543, "position": [4.127437433528325, -0.2524790708593867, -1.2112396230126472], "rotation": [[0.45454056861510067, 0.013880619985018511, -0.8906178753381792], [0.08361980064580848, 0.994797821131934, 0.05818095918006177], [0.8867923096323154, -0.1009188954556493, 0.4510152725983849]], "fy": 582.5190218618583, "fx": 580.1819168688422}, {"id": 44, "img_name": "00045.jpg", "width": 979, "height": 543, "position": [4.142524539783396, -0.2567385709316518, -1.1852869493217228], "rotation": [[0.5826295377023412, 0.009703540049084015, -0.812679926605347], [0.0728398655722857, 0.9952813531375327, 0.0641044622482193], [0.8094672172362309, -0.09654464981156567, 0.5791735101095308]], "fy": 582.5190218618583, "fx": 580.1819168688422}, {"id": 45, "img_name": "00046.jpg", "width": 979, "height": 543, "position": [4.128553160715441, -0.3588699585325231, -1.1554165530136018], "rotation": [[0.6572323335460781, 0.005665567251422177, -0.7536667440515711], [0.06421448522759325, 0.9959147559065843, 0.06348463479050595], [0.7509475079048681, -0.09012047667011268, 0.6541835675528848]], "fy": 582.5190218618583, "fx": 580.1819168688422}, {"id": 46, "img_name": "00047.jpg", "width": 979, "height": 543, "position": [4.120176131147849, -0.42292736687822274, -1.1274758032117311], "rotation": [[0.7096226481222063, -0.008301774652403237, -0.7045330210924452], [0.05702150769523328, 0.9973272997489436, 0.045681559032537705], [0.7022707775012353, -0.07259020397478912, 0.7081994191996409]], "fy": 582.5190218618583, "fx": 580.1819168688422}, {"id": 47, "img_name": "00048.jpg", "width": 979, "height": 543, "position": [4.086716706759327, -0.3852366613851556, -1.0681541272145638], "rotation": [[0.7463540103590173, -0.018281802434094944, -0.6652980286463901], [0.05142722193363721, 0.998218118628141, 0.030262658288441862], [0.6635592905424507, -0.056801085748912364, 0.7459642783622715]], "fy": 582.5190218618583, "fx": 580.1819168688422}, {"id": 48, "img_name": "00049.jpg", "width": 979, "height": 543, "position": [3.896688226654987, -0.27991988664847633, -0.8518310388285334], "rotation": [[0.6797362164380366, -0.011731947687734846, -0.7333628279821351], [0.05346617192994425, 0.998004517176397, 0.0335909534646463], [0.7315053277465997, -0.06204309066252782, 0.6790070768256994]], "fy": 582.5190218618583, "fx": 580.1819168688422}, {"id": 49, "img_name": "00050.jpg", "width": 979, "height": 543, "position": [3.7606760065370555, -0.19555925213360437, -0.5950046242869087], "rotation": [[0.5376869286706428, -0.008547564522595702, -0.8431012429580821], [0.06232201578214664, 0.9976161221426245, 0.02963172607125674], [0.8408381134829586, -0.0684763607520449, 0.5369378501582608]], "fy": 582.5190218618583, "fx": 580.1819168688422}, {"id": 50, "img_name": "00051.jpg", "width": 979, "height": 543, "position": [3.6945017803638653, -0.11092989673379312, -0.29438533259742394], "rotation": [[0.3366332365827472, -0.010192003159498137, -0.9415806853899569], [0.07697389842417475, 0.9968927534211833, 0.016728931158829483], [0.9384844607073731, -0.07810865027593811, 0.3363717523259975]], "fy": 582.5190218618583, "fx": 580.1819168688422}, {"id": 51, "img_name": "00052.jpg", "width": 979, "height": 543, "position": [3.791862118846418, -0.04958269628403224, -0.10574897301187215], "rotation": [[0.12819985050489394, -0.0322094697960705, -0.9912251754197825], [0.08891212600615582, 0.9958210280814839, -0.02085938349524323], [0.9877547429294319, -0.08545776785168317, 0.13052791936677569]], "fy": 582.5190218618583, "fx": 580.1819168688422}, {"id": 52, "img_name": "00053.jpg", "width": 979, "height": 543, "position": [3.931615625881309, -0.04589445994265655, 0.09632434946658482], "rotation": [[-0.11815171903950486, -0.039668401509406676, -0.9922028971988031], [0.09623673529417318, 0.994040678217179, -0.05120176588214421], [0.9883211330675518, -0.10153594423266653, -0.11363005747095122]], "fy": 582.5190218618583, "fx": 580.1819168688422}, {"id": 53, "img_name": "00054.jpg", "width": 979, "height": 543, "position": [4.151183716988431, -0.03508353025873563, 0.22319575815942463], "rotation": [[-0.24351122085003765, -0.006320746846156365, -0.9698774837470093], [0.1062755509953613, 0.9937836527908899, -0.033159594482265305], [0.9640579819599835, -0.11114899731847663, -0.24132572969814212]], "fy": 582.5190218618583, "fx": 580.1819168688422}, {"id": 54, "img_name": "00055.jpg", "width": 979, "height": 543, "position": [4.350716039047626, -0.03146822201792728, 0.3915986799612266], "rotation": [[-0.20444384005445526, 0.004989551035906749, -0.9788655784346737], [0.11498560504386218, 0.9931863321352954, -0.018953107722375778], [0.9721013460007579, -0.11643029691664934, -0.20362455417610034]], "fy": 582.5190218618583, "fx": 580.1819168688422}, {"id": 55, "img_name": "00056.jpg", "width": 979, "height": 543, "position": [4.553122170819349, -0.01715660328781059, 0.647021868592581], "rotation": [[-0.1572219878551887, 0.008623503875137278, -0.9875256359790249], [0.11924831510697191, 0.9928108717820732, -0.010315629669005701], [0.980337230691057, -0.11938261201797869, -0.15712003713324896]], "fy": 582.5190218618583, "fx": 580.1819168688422}, {"id": 56, "img_name": "00057.jpg", "width": 979, "height": 543, "position": [4.758769955497702, -0.07701365769600675, 0.903284094290821], "rotation": [[-0.15963928080040046, 0.015486754409706602, -0.9870539298657311], [0.11876145492468525, 0.9929161836385372, -0.0036289244763353934], [0.9800056208255656, -0.11780327969346366, -0.1603476549368924]], "fy": 582.5190218618583, "fx": 580.1819168688422}, {"id": 57, "img_name": "00058.jpg", "width": 979, "height": 543, "position": [4.921083146649772, -0.13571779201654877, 1.1578311291491958], "rotation": [[-0.18093593297670596, 0.022673706667313, -0.9832334876232669], [0.11797041942085248, 0.9930163963866769, 0.0011902306020590194], [0.9763939616258983, -0.11577711143910344, -0.18234717482675822]], "fy": 582.5190218618583, "fx": 580.1819168688422}, {"id": 58, "img_name": "00059.jpg", "width": 979, "height": 543, "position": [5.068345319546021, -0.12108988755182369, 1.4582977578752891], "rotation": [[-0.19633251755362824, 0.03207524890629801, -0.9800126126528441], [0.11672804982654336, 0.9931220463598841, 0.009119397877505233], [0.9735646382930855, -0.1126045267365183, -0.19872623285238028]], "fy": 582.5190218618583, "fx": 580.1819168688422}, {"id": 59, "img_name": "00060.jpg", "width": 979, "height": 543, "position": [5.325746572823752, -0.11003998270942691, 1.6221462329993646], "rotation": [[-0.17574282540510436, 0.036824099537892875, -0.9837471448557572], [0.11191995356874225, 0.9935683997831761, 0.01719764360223111], [0.9780533642454288, -0.10707857229867301, -0.17873386932161534]], "fy": 582.5190218618583, "fx": 580.1819168688422}, {"id": 60, "img_name": "00061.jpg", "width": 979, "height": 543, "position": [5.462182420296149, -0.10632389039691484, 1.6736748738115936], "rotation": [[-0.10904354612926812, 0.042052916807747344, -0.993147047136281], [0.10899103508127327, 0.9935867640793067, 0.030104759064386304], [0.9880437537475081, -0.10496139497154547, -0.1129276150733752]], "fy": 582.5190218618583, "fx": 580.1819168688422}, {"id": 61, "img_name": "00062.jpg", "width": 979, "height": 543, "position": [5.229962323376637, -0.02585539913351692, 1.5401571727190337], "rotation": [[-0.06994613907996648, 0.013939173063849482, -0.9974533758938817], [0.10440259629090097, 0.9945133696841612, 0.006576884305983417], [0.9920723942916285, -0.10367669445806611, -0.07101765633082853]], "fy": 582.5190218618583, "fx": 580.1819168688422}, {"id": 62, "img_name": "00063.jpg", "width": 979, "height": 543, "position": [4.955075513632361, 0.045327455515466866, 1.3195101967553697], "rotation": [[-0.05153192540354135, -0.016991058433394428, -0.9985267971354183], [0.10276589210705538, 0.9944572415811175, -0.02222534783340067], [0.9933698365078563, -0.10375981206704055, -0.04950019511241879]], "fy": 582.5190218618583, "fx": 580.1819168688422}, {"id": 63, "img_name": "00064.jpg", "width": 979, "height": 543, "position": [4.63813153973572, 0.0784141350298998, 1.1947552987463435], "rotation": [[-0.007462632067258557, -0.027096129928791006, -0.9996049764109375], [0.10769318462342398, 0.9937970221887297, -0.02774268686480295], [0.9941561683700875, -0.10785767673974564, -0.004498273003130094]], "fy": 582.5190218618583, "fx": 580.1819168688422}, {"id": 64, "img_name": "00065.jpg", "width": 979, "height": 543, "position": [4.3650568072539855, 0.06265211436860582, 1.0448934832292989], "rotation": [[0.007460075344375289, -0.04125058549920817, -0.9991209818995037], [0.10916758975451206, 0.9932104938528176, -0.040191444958257334], [0.9939953644877053, -0.10877179825954239, 0.011912652111877187]], "fy": 582.5190218618583, "fx": 580.1819168688422}, {"id": 65, "img_name": "00066.jpg", "width": 979, "height": 543, "position": [4.06929568192088, 0.09035029474935988, 0.9103977886973482], "rotation": [[0.07145217149453398, -0.05585268398881935, -0.995879041289634], [0.11355745502686677, 0.9923948436581238, -0.047509774663636116], [0.9909587739136962, -0.10969481287651404, 0.07725125520954164]], "fy": 582.5190218618583, "fx": 580.1819168688422}, {"id": 66, "img_name": "00067.jpg", "width": 979, "height": 543, "position": [3.792807111500356, 0.10775437775424788, 0.761866006839796], "rotation": [[0.14480726195514504, -0.06289707553805798, -0.9874587661132053], [0.1160987442899658, 0.9921639437573986, -0.04617131449351002], [0.982625024340082, -0.10795678115118708, 0.15097481559560702]], "fy": 582.5190218618583, "fx": 580.1819168688422}, {"id": 67, "img_name": "00068.jpg", "width": 979, "height": 543, "position": [3.5493193755069257, 0.1609718219797912, 0.7377695836896513], "rotation": [[0.2956846110468542, 0.007771611277341276, -0.9552540043612613], [0.11732960119532465, 0.9921004892279031, 0.04438900716507799], [0.9480529391723949, -0.1252047176903058, 0.2924370072249307]], "fy": 582.5190218618583, "fx": 580.1819168688422}, {"id": 68, "img_name": "00069.jpg", "width": 979, "height": 543, "position": [3.3858265011503135, 0.16760458452827404, 0.7550114872898296], "rotation": [[0.45020717746698546, 0.1513964082660294, -0.8799958096044298], [0.10595158465151502, 0.9695015176029284, 0.22100015627924643], [0.8866159027826216, -0.1927328070925245, 0.4204358524236398]], "fy": 582.5190218618583, "fx": 580.1819168688422}, {"id": 69, "img_name": "00070.jpg", "width": 979, "height": 543, "position": [3.244116869549725, 0.09075605275408091, 0.799517011195537], "rotation": [[0.5295025533159489, 0.1147881508971677, -0.8405062322466739], [0.09366870332296753, 0.9768328143603631, 0.19241576548351372], [0.843121118256259, -0.1806137680311823, 0.5064834121152376]], "fy": 582.5190218618583, "fx": 580.1819168688422}, {"id": 70, "img_name": "00071.jpg", "width": 979, "height": 543, "position": [3.213536912437958, 0.020903135635171724, 0.9165250137783398], "rotation": [[0.4456319414311717, 0.05109163798129386, -0.8937571355265774], [0.09677685398391764, 0.9897697450494215, 0.10483364115482421], [0.8899698946083853, -0.1332122228370632, 0.43612852506749467]], "fy": 582.5190218618583, "fx": 580.1819168688422}, {"id": 71, "img_name": "00072.jpg", "width": 979, "height": 543, "position": [3.231577848336804, 0.031568676803729746, 0.9830192694822125], "rotation": [[0.21316240727897384, -0.07846351622180697, -0.9738610089459084], [0.09072407708433297, 0.9940529198116648, -0.06023233725417135], [0.9727954204046341, -0.07551337123989674, 0.21901324344376225]], "fy": 582.5190218618583, "fx": 580.1819168688422}, {"id": 72, "img_name": "00073.jpg", "width": 979, "height": 543, "position": [3.2796358494549, 0.06516068790159074, 0.9801695643399138], "rotation": [[-0.015975122982036526, -0.15302900977130907, -0.9880925653065711], [0.08584535002046187, 0.9843597886517182, -0.15383881943582664], [0.9961803909561624, -0.0872807461812574, -0.0025884397751799928]], "fy": 582.5190218618583, "fx": 580.1819168688422}, {"id": 73, "img_name": "00074.jpg", "width": 979, "height": 543, "position": [3.278753705595694, 0.08732002885948816, 1.000452220639298], "rotation": [[-0.06908159973486858, -0.14700449333191612, -0.9867205336458231], [0.11145892008389453, 0.9817535319023161, -0.15406788027054757], [0.9913650395852192, -0.1206220607416172, -0.05143614245491393]], "fy": 582.5190218618583, "fx": 580.1819168688422}, {"id": 74, "img_name": "00075.jpg", "width": 979, "height": 543, "position": [3.188937206526105, 0.09394542407954021, 1.0200783406390348], "rotation": [[-0.12339870630712865, -0.11116628238589794, -0.9861109556952634], [0.13033155253036424, 0.9832826943701064, -0.12715671184522323], [0.9837613764001675, -0.1442123455629338, -0.10684733824707592]], "fy": 582.5190218618583, "fx": 580.1819168688422}, {"id": 75, "img_name": "00076.jpg", "width": 979, "height": 543, "position": [3.067341743290845, 0.06795575489635541, 1.0826837880260594], "rotation": [[-0.27439406677106903, -0.08116752903081366, -0.9581856439917401], [0.13873919189252448, 0.9826644459957959, -0.12297163578966061], [0.9515562688321924, -0.16668058917224793, -0.25837617622247794]], "fy": 582.5190218618583, "fx": 580.1819168688422}, {"id": 76, "img_name": "00077.jpg", "width": 979, "height": 543, "position": [3.016286153314901, 0.05576810791140755, 1.09580236002514], "rotation": [[-0.3654151528814732, -0.02341675125031952, -0.9305500641048229], [0.14785664934038736, 0.9855315021562872, -0.08286174933831583], [0.9190267554812769, -0.1678669533245088, -0.35666582215163806]], "fy": 582.5190218618583, "fx": 580.1819168688422}, {"id": 77, "img_name": "00078.jpg", "width": 979, "height": 543, "position": [2.9207379352000205, -0.015280511852440884, 1.1119857765819665], "rotation": [[-0.3929659828232534, -0.012952176619249398, -0.9194617868430305], [0.1513587264355821, 0.9853514266186797, -0.07856909056576371], [0.907010624124962, -0.17004354495645033, -0.38524916682984606]], "fy": 582.5190218618583, "fx": 580.1819168688422}, {"id": 78, "img_name": "00079.jpg", "width": 979, "height": 543, "position": [2.8518434554357897, -0.13853729561599606, 1.1737537061689562], "rotation": [[-0.5699379521490727, 0.003565280986982792, -0.8216799982180443], [0.14058525360994392, 0.9856686637048853, -0.09323664439292825], [0.8095718110010681, -0.1686551931062589, -0.562271205621221]], "fy": 582.5190218618583, "fx": 580.1819168688422}, {"id": 79, "img_name": "00080.jpg", "width": 979, "height": 543, "position": [2.8367658641716336, -0.19956566774327864, 1.1984909959341603], "rotation": [[-0.6080243838192213, 0.004666943830975851, -0.7939046342707254], [0.13786157593389664, 0.9854115850775992, -0.09979075045251388], [0.7818571062299545, -0.17012415357653357, -0.5997976640564627]], "fy": 582.5190218618583, "fx": 580.1819168688422}, {"id": 80, "img_name": "00081.jpg", "width": 979, "height": 543, "position": [2.7992902203173995, -0.2683241182403434, 1.2736648234086445], "rotation": [[-0.546166172954909, -0.0020639094026198186, -0.8376743112915457], [0.14306783081442234, 0.9850744259000445, -0.09570773857820472], [0.8253690733882895, -0.17211657594687368, -0.537719050228351]], "fy": 582.5190218618583, "fx": 580.1819168688422}, {"id": 81, "img_name": "00082.jpg", "width": 979, "height": 543, "position": [2.7907792187904072, -0.3470105880450115, 1.3103612821696249], "rotation": [[-0.5237835007586266, -0.006786445770143603, -0.8518243882907126], [0.1408174558253058, 0.9855209719259976, -0.09443970578588567], [0.8401317090003958, -0.16941770287619146, -0.5152439747189952]], "fy": 582.5190218618583, "fx": 580.1819168688422}, {"id": 82, "img_name": "00083.jpg", "width": 979, "height": 543, "position": [2.74956667927458, -0.4108475852861914, 1.4094019801720208], "rotation": [[-0.4973600951514487, -0.0133442695684638, -0.8674415635768363], [0.14011307928492323, 0.9855195231111842, -0.09549656842002804], [0.8561549280149234, -0.16903609092850097, -0.4882883770881432]], "fy": 582.5190218618583, "fx": 580.1819168688422}, {"id": 83, "img_name": "00084.jpg", "width": 979, "height": 543, "position": [2.7097631468379357, -0.43998497084996213, 1.4733542591413422], "rotation": [[-0.46094276439755794, -0.0246091234729091, -0.8870885857632438], [0.14070817711476988, 0.984943402506257, -0.1004375564837965], [0.8762037302149399, -0.17111658277704228, -0.4505398298221055]], "fy": 582.5190218618583, "fx": 580.1819168688422}, {"id": 84, "img_name": "00085.jpg", "width": 979, "height": 543, "position": [2.669665732125645, -0.5413717311338981, 1.5661983427553245], "rotation": [[-0.4219046485601043, -0.03420293206378644, -0.9059948272267425], [0.14195194017159804, 0.9844719249978816, -0.10326991610572951], [0.8954586055228314, -0.1721777811716871, -0.41049810896750877]], "fy": 582.5190218618583, "fx": 580.1819168688422}, {"id": 85, "img_name": "00086.jpg", "width": 979, "height": 543, "position": [2.6884288845499666, -0.4441232188071486, 1.6270760193691614], "rotation": [[-0.44446125856334356, -0.020294782665981444, -0.8955681500772731], [0.13820600574085443, 0.9862196237298674, -0.09093928604996654], [0.8850724770398454, -0.16419188642152605, -0.4355315543332]], "fy": 582.5190218618583, "fx": 580.1819168688422}, {"id": 86, "img_name": "00087.jpg", "width": 979, "height": 543, "position": [2.707226279566307, -0.37862792644688076, 1.6068419304114527], "rotation": [[-0.5388184234867083, 0.2391764300596764, -0.807755743907282], [0.1383162491160415, 0.9709541693313533, 0.19523477223212798], [0.8309893631941189, -0.006529652515291288, -0.556249981479786]], "fy": 582.5190218618583, "fx": 580.1819168688422}, {"id": 87, "img_name": "00088.jpg", "width": 979, "height": 543, "position": [2.685066784590542, -0.3563414633579355, 1.6253878850353267], "rotation": [[-0.5773529204545514, 0.41071397590237335, -0.7056753044007318], [0.1193820411999104, 0.8974492064052892, 0.42465615521438016], [0.8077199598137608, 0.16093151313829615, -0.5671767930702692]], "fy": 582.5190218618583, "fx": 580.1819168688422}, {"id": 88, "img_name": "00089.jpg", "width": 979, "height": 543, "position": [2.630942036459735, -0.33644617964634, 1.6830736653635283], "rotation": [[-0.4060747592211867, 0.4898676012828171, -0.7714486523008994], [0.08882535179672729, 0.8613446349939111, 0.5001954384492061], [0.9095126974383825, 0.13459254429805886, -0.3932829772793786]], "fy": 582.5190218618583, "fx": 580.1819168688422}, {"id": 89, "img_name": "00090.jpg", "width": 979, "height": 543, "position": [2.596696989932151, -0.33147956758440583, 1.7626601378383568], "rotation": [[-0.25112985387501285, 0.5987613484185562, -0.7605383909657071], [0.06668507494575969, 0.7945533305692266, 0.60352142104554], [0.9656536114322739, 0.10084568667693088, -0.2394645071956701]], "fy": 582.5190218618583, "fx": 580.1819168688422}, {"id": 90, "img_name": "00091.jpg", "width": 979, "height": 543, "position": [2.5075335802852905, -0.35926294872018616, 1.8748272630833094], "rotation": [[-0.14459476414981265, 0.607025710454085, -0.7814167524619454], [0.04603204999056455, 0.7929875346345228, 0.6074963541355026], [0.9884196500242831, 0.051870577035301096, -0.1426044833934006]], "fy": 582.5190218618583, "fx": 580.1819168688422}, {"id": 91, "img_name": "00092.jpg", "width": 979, "height": 543, "position": [2.488474025573144, -0.380118460205963, 1.9749328565941955], "rotation": [[-0.21477846599538614, 0.42706545628258796, -0.878342362974036], [0.02726992749995347, 0.9016018708882065, 0.4317064019273202], [0.9762820092569644, 0.06876890620789776, -0.20529071079849984]], "fy": 582.5190218618583, "fx": 580.1819168688422}, {"id": 92, "img_name": "00093.jpg", "width": 979, "height": 543, "position": [2.4754693269924397, -0.39872488593765687, 1.993317867263929], "rotation": [[-0.32946229334449845, 0.17617882928456827, -0.927585908353562], [0.02990568314841045, 0.9838908650885245, 0.17625100201355418], [0.9436949970088909, 0.03032796905949926, -0.32942368905881]], "fy": 582.5190218618583, "fx": 580.1819168688422}, {"id": 93, "img_name": "00094.jpg", "width": 979, "height": 543, "position": [2.479522102067594, -0.42659734493558976, 2.0116519097005274], "rotation": [[-0.34501718119201885, -0.03618274107970173, -0.9378986906538853], [0.043975950086080434, 0.99753613520915, -0.05466054121593632], [0.9375656033026916, -0.06010381185874799, -0.342575935091343]], "fy": 582.5190218618583, "fx": 580.1819168688422}, {"id": 94, "img_name": "00095.jpg", "width": 979, "height": 543, "position": [2.476209986264282, -0.4679412081690985, 2.0121075385159095], "rotation": [[-0.386149491521754, -0.18973073555668563, -0.9027130320221424], [0.07895064499887618, 0.9682294215064899, -0.23727322432897732], [0.9190513401610118, -0.16289271105340106, -0.3589019348428216]], "fy": 582.5190218618583, "fx": 580.1819168688422}, {"id": 95, "img_name": "00096.jpg", "width": 979, "height": 543, "position": [2.392733136574834, -0.44135549935206236, 2.025197844056515], "rotation": [[-0.3718261934161568, -0.21932391049040906, -0.9020212326640907], [0.12526174555583408, 0.9509482133664419, -0.2828550699483352], [0.9198123596636197, -0.2181616780792794, -0.32611455844177933]], "fy": 582.5190218618583, "fx": 580.1819168688422}, {"id": 96, "img_name": "00097.jpg", "width": 979, "height": 543, "position": [2.380401128946859, -0.35091480771596056, 2.1137451485388756], "rotation": [[-0.4003577334586201, -0.20873099895746716, -0.8922696091059552], [0.15264394255122804, 0.9449168197691611, -0.28953761503430236], [0.9035560370349444, -0.25211817425872396, -0.3464432336561846]], "fy": 582.5190218618583, "fx": 580.1819168688422}, {"id": 97, "img_name": "00098.jpg", "width": 979, "height": 543, "position": [2.3489095192192395, -0.31359667666727203, 2.1277873966123844], "rotation": [[-0.3517760857636965, -0.20519084038774568, -0.9133182930970687], [0.17975930511158364, 0.942713078073764, -0.281031394428612], [0.9186621673447607, -0.2630375856216374, -0.29473895371967157]], "fy": 582.5190218618583, "fx": 580.1819168688422}, {"id": 98, "img_name": "00099.jpg", "width": 979, "height": 543, "position": [2.3266330650313543, -0.29746399696679265, 2.182491901487828], "rotation": [[-0.3764910201365141, -0.19642338770357085, -0.9053575893091196], [0.18283611884445222, 0.9422890714527136, -0.28046792947979], [0.908199023013384, -0.2711257246810709, -0.31885008391672076]], "fy": 582.5190218618583, "fx": 580.1819168688422}, {"id": 99, "img_name": "00100.jpg", "width": 979, "height": 543, "position": [2.298782470074934, -0.2617918940562188, 2.2502177350981154], "rotation": [[-0.4788410624526708, -0.1775612209150336, -0.8597576691931046], [0.18748376625063737, 0.9360566680347778, -0.2977377228704922], [0.8576485727275905, -0.30375965343473826, -0.414932